787 0.6212 0.7835 8.7869 0.3770
761 0.5587 0.8006 1.1343 0.7494
756 0.5408 0.8128 1.0235 0.6591
758 0.4545 0.8409 3.3466 0.3025
761 0.4725 0.8361 1.9550 0.4153
761 0.4312 0.8512 1.2716 0.5801
758 0.5103 0.8445 1011.7625 0.2754
760 0.5007 0.8474 33.9780 0.3183
763 0.3850 0.8651 1.3596 0.6975
757 0.4136 0.8632 1.5370 0.5982
763 0.4040 0.8667 1.4799 0.4786
759 0.3480 0.8790 0.8115 0.7404
754 0.3839 0.8780 0.4737 0.8217
758 0.3360 0.8838 1.5517 0.4650
754 0.4233 0.8709 2.5813 0.4470
766 0.3882 0.8761 0.6120 0.7901
761 0.3410 0.8909 1.1424 0.6998
756 0.3116 0.8938 0.6569 0.7901
758 0.5435 0.8274 51.5638 0.2664
760 0.3756 0.8796 2.0651 0.5508
758 0.4472 0.8700 1.3009 0.5372
758 0.3452 0.8906 2.1962 0.5305
756 0.2577 0.9129 0.7855 0.7269
758 0.2740 0.9045 0.4275 0.8488
759 0.3787 0.8758 87.8865 0.2731
757 0.2895 0.8987 1.3848 0.5892
764 0.2394 0.9171 0.6166 0.8465
759 0.2410 0.9190 0.7358 0.7494
758 0.1986 0.9313 0.5244 0.8488
765 0.1960 0.9326 1.0118 0.7223
757 0.1719 0.9377 0.4427 0.8600
759 0.1667 0.9445 0.3914 0.8691