258 0.3331 0.8948 0.1517 0.9526
257 0.1479 0.9577 0.1450 0.9549
252 0.1318 0.9606 0.1304 0.9594
257 0.1022 0.9693 0.1315 0.9571
247 0.0869 0.9739 0.1174 0.9639
243 0.0821 0.9755 0.1209 0.9594
249 0.0755 0.9771 0.1154 0.9661
250 0.0605 0.9829 0.1225 0.9594
252 0.0587 0.9823 0.1162 0.9661
244 0.0583 0.9845 0.1168 0.9661
243 0.0513 0.9845 0.1148 0.9661
249 0.0475 0.9887 0.1133 0.9684
247 0.0423 0.9874 0.1112 0.9661
246 0.0385 0.9890 0.1135 0.9661
247 0.0388 0.9890 0.1152 0.9661
247 0.0321 0.9916 0.1159 0.9684
247 0.0321 0.9929 0.1149 0.9661
246 0.0301 0.9935 0.1128 0.9661
254 0.0269 0.9926 0.1109 0.9661
251 0.0237 0.9935 0.1160 0.9684
250 0.0244 0.9929 0.1150 0.9661
251 0.0240 0.9958 0.1151 0.9684
250 0.0209 0.9952 0.1130 0.9661
249 0.0211 0.9958 0.1131 0.9684
248 0.0216 0.9948 0.1170 0.9707
249 0.0183 0.9961 0.1186 0.9661
249 0.0174 0.9965 0.1163 0.9684
247 0.0171 0.9971 0.1167 0.9661
247 0.0164 0.9965 0.1172 0.9707
248 0.0144 0.9971 0.1134 0.9707
247 0.0129 0.9984 0.1176 0.9661
248 0.0123 0.9981 0.1193 0.9684
247 0.0135 0.9971 0.1195 0.9684
248 0.0133 0.9974 0.1189 0.9707
247 0.0127 0.9974 0.1179 0.9661
249 0.0121 0.9981 0.1185 0.9684
249 0.0117 0.9977 0.1195 0.9661
249 0.0112 0.9971 0.1218 0.9684
248 0.0099 0.9987 0.1219 0.9684
248 0.0093 0.9981 0.1217 0.9684
249 0.0090 0.9990 0.1230 0.9684
248 0.0082 0.9990 0.1260 0.9684
248 0.0095 0.9981 0.1257 0.9661
250 0.0096 0.9984 0.1232 0.9684
247 0.0089 0.9987 0.1247 0.9661
248 0.0086 0.9990 0.1257 0.9661
248 0.0077 0.9990 0.1213 0.9707
248 0.0093 0.9977 0.1232 0.9684