291 0.2909 0.8984 0.1349 0.9549
295 0.1341 0.9616 0.1154 0.9594
295 0.1069 0.9671 0.1124 0.9594
293 0.0926 0.9700 0.1226 0.9571
288 0.0811 0.9768 0.0937 0.9684
285 0.0613 0.9806 0.0931 0.9661
285 0.0558 0.9835 0.1053 0.9661
283 0.0509 0.9848 0.1031 0.9661
285 0.0448 0.9868 0.0926 0.9774
285 0.0399 0.9890 0.0925 0.9729
285 0.0390 0.9900 0.1003 0.9729
284 0.0326 0.9906 0.1027 0.9707
283 0.0257 0.9935 0.1014 0.9684
283 0.0262 0.9929 0.0976 0.9684
281 0.0219 0.9939 0.1054 0.9639
282 0.0229 0.9945 0.1034 0.9707
283 0.0208 0.9939 0.1036 0.9684
283 0.0185 0.9958 0.1044 0.9684
282 0.0185 0.9942 0.1030 0.9707
282 0.0185 0.9958 0.1055 0.9684
283 0.0155 0.9968 0.1116 0.9661
281 0.0141 0.9974 0.1052 0.9661
281 0.0174 0.9961 0.1071 0.9684
283 0.0125 0.9968 0.1097 0.9661
281 0.0139 0.9981 0.1040 0.9707
283 0.0120 0.9981 0.1074 0.9684
282 0.0110 0.9977 0.1127 0.9661
282 0.0104 0.9974 0.1094 0.9707
282 0.0097 0.9981 0.1168 0.9684
283 0.0086 0.9981 0.1159 0.9661
285 0.0095 0.9984 0.1108 0.9684
284 0.0078 0.9977 0.1111 0.9661
284 0.0095 0.9977 0.1099 0.9684
281 0.0077 0.9984 0.1109 0.9661
283 0.0083 0.9987 0.1147 0.9661
283 0.0069 0.9987 0.1205 0.9661
281 0.0070 0.9984 0.1205 0.9661
280 0.0085 0.9987 0.1193 0.9661
280 0.0056 0.9990 0.1181 0.9661
282 0.0068 0.9987 0.1175 0.9661
282 0.0072 0.9987 0.1170 0.9684
281 0.0051 1.0000 0.1212 0.9661
283 0.0069 0.9977 0.1224 0.9684
284 0.0064 0.9981 0.1234 0.9661
281 0.0058 0.9990 0.1279 0.9661
285 0.0067 0.9984 0.1242 0.9661
284 0.0066 0.9984 0.1286 0.9707
281 0.0071 0.9984 0.1236 0.9661