226 0.2232 0.9248 0.1217 0.9661
222 0.0778 0.9745 0.1060 0.9684
228 0.0605 0.9787 0.1423 0.9571
223 0.0484 0.9823 0.1294 0.9594
224 0.0304 0.9890 0.1137 0.9707
222 0.0201 0.9939 0.1123 0.9639
222 0.0208 0.9926 0.1415 0.9616
222 0.0239 0.9910 0.1168 0.9661
222 0.0189 0.9935 0.1124 0.9661
222 0.0140 0.9965 0.1255 0.9639
222 0.0180 0.9942 0.1255 0.9661
222 0.0121 0.9945 0.1443 0.9661
222 0.0107 0.9958 0.1279 0.9752
222 0.0114 0.9968 0.1469 0.9684
222 0.0112 0.9965 0.1801 0.9639
222 0.0113 0.9965 0.1352 0.9661
224 0.0182 0.9926 0.1632 0.9594
222 0.0085 0.9974 0.1630 0.9707
222 0.0099 0.9971 0.1465 0.9661
222 0.0072 0.9974 0.2003 0.9571
222 0.0114 0.9961 0.1617 0.9639
222 0.0086 0.9971 0.1972 0.9526
222 0.0069 0.9984 0.1532 0.9684
222 0.0028 0.9990 0.1703 0.9639
222 0.0027 0.9990 0.1838 0.9616
222 0.0092 0.9968 0.1918 0.9594
222 0.0106 0.9971 0.1888 0.9639
222 0.0267 0.9913 0.2237 0.9594
223 0.0276 0.9897 0.2687 0.9571
225 0.0134 0.9948 0.2132 0.9616
227 0.0134 0.9955 0.1744 0.9594
222 0.0159 0.9958 0.1938 0.9661
222 0.0072 0.9984 0.2013 0.9616
224 0.0047 0.9977 0.1695 0.9684
225 0.0177 0.9948 0.2413 0.9616
242 0.0069 0.9984 0.2397 0.9684
223 0.0121 0.9965 0.2116 0.9616
222 0.0036 0.9987 0.2015 0.9661
222 0.0056 0.9981 0.2056 0.9639
222 0.0074 0.9981 0.2029 0.9616
222 0.0042 0.9990 0.1848 0.9639
222 0.0023 0.9990 0.1887 0.9684
224 0.0053 0.9984 0.2260 0.9707
222 0.0052 0.9977 0.1761 0.9661
222 0.0117 0.9952 0.1844 0.9684
222 0.0076 0.9971 0.1817 0.9729
222 0.0087 0.9965 0.1809 0.9752
222 0.0100 0.9961 0.3116 0.9639